nBinEvents <- 100
nBinTime <- 100
