nBinSpectrum <- 200
nBinTime <- 200
