x <- c(5.890644447878003, 7.040400734171271, 3.5053244445007294, 4.708417571848258, 4.8206583296414465, 5.73744218214415, 8.602985214442015, 2.33744358131662, 1.0424697580747306, 2.4103997545316815, 2.0941220787353814, 2.6782046474982053, 7.036741752643138, 2.8909696307964623, 8.432674794923514, 5.074659120757133, 2.2303592844400555, 8.83128371462226, 6.175840010866523, 1.5731293575372547, 9.021897555328906, 6.618807003600523, 2.882819122634828, 5.71012974018231, 2.667953971773386, 6.0606664314400405, 1.9753920326475054, 1.05235476908274, 2.9772774591110647, 3.766808841843158)
y <- c(14.733637424138367, 17.22528436963965, 8.350504381766832, 9.976407047430984, 12.989392142515126, 13.508775166798355, 19.199457725696266, 4.701082392033668, 4.479347241017967, 6.521726575301436, 4.192919267976649, 6.480182705007757, 17.05482972996774, 6.126308685168623, 19.573890423215925, 9.907292717695237, 2.666794808756701, 19.100681022468176, 14.585829836549237, 3.8203840087366365, 19.410701462067664, 14.274247074051043, 5.7752496689054835, 15.463406593864782, 4.562910151248797, 11.646479833615011, 3.148563932278193, 4.00534590089228, 4.973049416760652, 9.861156663530469)
