nSignals <- 1
nBackgrounds <- 0

BField <- 0.9442
BFieldError <- 0.6e-04

TrapCurrent <- 800.
TrapCurrentError <- 5.0

BCoil <- -43.3e-07
BGradient <- 1.275e-07
maxRadius <- 1.0

minFreq <- 24.500e9
maxFreq <-25.500e9

fclock <- 0.
LOFreq <- 0.
fclockError <- 10.0

gCoupling <- 1.00
gCouplingWidth <- 0.10

frequencyWidth <- 15000.
dfdtWidth <- 1.e6
