nData <- 6665
freq_data <- c(
25142216705.0,
25139048902.0,
25139433433.0,
25139378500.0,
25146116948.0,
25139378500.0,
25139470055.0,
25143022389.0,
25140092629.0,
25139415122.0,
25142106839.0,
25143059011.0,
25168181703.0,
25167778861.0,
25139470055.0,
25140422227.0,
25140843380.0,
25139415122.0,
25141978662.0,
25141722308.0,
25141777241.0,
25139378500.0,
25141923729.0,
25139177079.0,
25149174885.0,
25140257428.0,
25150767942.0,
25153368104.0,
25152855396.0,
25141667375.0,
25142344882.0,
25163127867.0,
25163841996.0,
25151060918.0,
25168712722.0,
25150987674.0,
25166515402.0,
25139708098.0,
25170433956.0,
25139415122.0,
25139213701.0,
25139470055.0,
25165105455.0,
25140513782.0,
25151225717.0,
25158000787.0,
25139451744.0,
25139708098.0,
25139341878.0,
25139598232.0,
25139616543.0,
25142125150.0,
25142198394.0,
25139561610.0,
25141594131.0,
25142253327.0,
25139195390.0,
25139524988.0,
25150456655.0,
25142509681.0,
25139286945.0,
25163823685.0,
25142619547.0,
25139634854.0,
25144047805.0,
25139708098.0,
25148222713.0,
25139396811.0,
25167156287.0,
25139708098.0,
25147325474.0,
25141777241.0,
25163768752.0,
25141722308.0,
25139488366.0,
25150969363.0,
25139506677.0,
25139616543.0,
25139286945.0,
25139323567.0,
25151024296.0,
25139524988.0,
25141996973.0,
25154723118.0,
25139579921.0,
25142344882.0,
25154613252.0,
25139726409.0,
25143388609.0,
25141649064.0,
25139946141.0,
25141887107.0,
25167137976.0,
25166478780.0,
25141758930.0,
25154686496.0,
25139250323.0,
25154118855.0,
25140916624.0,
25139268634.0,
25142344882.0,
25140788447.0,
25139323567.0,
25139415122.0,
25156041510.0,
25139543299.0,
25139415122.0,
25139378500.0,
25140019385.0,
25142546303.0,
25142198394.0,
25164281460.0,
25166039316.0,
25139891208.0,
25165563230.0,
25140953246.0,
25139341878.0,
25141795552.0,
25151372205.0,
25140056007.0,
25161901030.0,
25139232012.0,
25142216705.0,
25139305256.0,
25139708098.0,
25139158768.0,
25139305256.0,
25142674480.0,
25141081423.0,
25142070217.0,
25139506677.0,
25142180083.0,
25141758930.0,
25141447643.0,
25148350890.0,
25139653165.0,
25142161772.0,
25139250323.0,
25142106839.0,
25151866602.0,
25139286945.0,
25141996973.0,
25141722308.0,
25167321086.0,
25144414025.0,
25167760550.0,
25139854586.0,
25151848291.0,
25151005985.0,
25141722308.0,
25142967456.0,
25165306876.0,
25139286945.0,
25139543299.0,
25150456655.0,
25141539198.0,
25139250323.0,
25141777241.0,
25146043704.0,
25139158768.0,
25139451744.0,
25149596038.0,
25139232012.0,
25142326571.0,
25142656169.0,
25141758930.0,
25163237733.0,
25154668185.0,
25140294050.0,
25139506677.0,
25143736518.0,
25141960351.0,
25139891208.0,
25140587026.0,
25143278743.0,
25140019385.0,
25151280650.0,
25139360189.0,
25139378500.0,
25139506677.0,
25139415122.0,
25166204115.0,
25139616543.0,
25166130871.0,
25142692791.0,
25139653165.0,
25142180083.0,
25140532093.0,
25139470055.0,
25144212604.0,
25153349793.0,
25139506677.0,
25153441348.0,
25140605337.0,
25142033595.0,
25139543299.0,
25160619260.0,
25139836275.0,
25162377116.0,
25142473059.0,
25143260432.0,
25139561610.0,
25156700706.0,
25139524988.0,
25154906228.0,
25144230915.0,
25139634854.0,
25139470055.0,
25140458849.0,
25139451744.0,
25139195390.0,
25139470055.0,
25141227911.0,
25164720924.0,
25143040700.0,
25154063922.0,
25151427138.0,
25139616543.0,
25157121859.0,
25139927830.0,
25139213701.0,
25151113657.0,
25142198394.0,
25145109843.0,
25139561610.0,
25163878618.0,
25151994779.0,
25168969076.0,
25150786253.0,
25139488366.0,
25142015284.0,
25140440538.0,
25139579921.0,
25136320563.0,
25168108459.0,
25168090148.0,
25153825879.0,
25141777241.0,
25139232012.0,
25151610248.0,
25167119665.0,
25142015284.0,
25139323567.0,
25151500382.0,
25142216705.0,
25142235016.0,
25139286945.0,
25169811382.0,
25139524988.0,
25139763031.0,
25143754829.0,
25150694698.0,
25139433433.0,
25139122146.0,
25164080039.0,
25160546016.0,
25139250323.0,
25139158768.0,
25139561610.0,
25140513782.0,
25142143461.0,
25139085524.0,
25143351987.0,
25139689787.0,
25139872897.0,
25145274642.0,
25151189095.0,
25151756736.0,
25139506677.0,
25166094249.0,
25141502576.0,
25140495471.0,
25139653165.0,
25139524988.0,
25155345692.0,
25142363193.0,
25139543299.0,
25140495471.0,
25139341878.0,
25142820968.0,
25141868796.0,
25154045611.0,
25152049712.0,
25139506677.0,
25140037696.0,
25139415122.0,
25139634854.0,
25139158768.0,
25152358805.0,
25142271638.0,
25140294050.0,
25139781342.0,
25139286945.0,
25139122146.0,
25142582925.0,
25150401722.0,
25151775047.0,
25139232012.0,
25153624458.0,
25152855396.0,
25150218612.0,
25165068833.0,
25140587026.0,
25143626652.0,
25142326571.0,
25139488366.0,
25139030591.0,
25154338587.0,
25144121049.0,
25143956250.0,
25142161772.0,
25142711102.0,
25168383124.0,
25139250323.0,
25139286945.0,
25142015284.0,
25139341878.0,
25141923729.0,
25139742526.0,
25151683492.0,
25153954056.0,
25142143461.0,
25142198394.0,
25140934935.0,
25139433433.0,
25143095633.0,
25164904034.0,
25139250323.0,
25166332292.0,
25142820968.0,
25139396811.0,
25140568715.0,
25162981379.0,
25138408017.0,
25141905418.0,
25141703997.0,
25139415122.0,
25150932741.0,
25139415122.0,
25139396811.0,
25141942040.0,
25138499572.0,
25139323567.0,
25142033595.0,
25162798269.0,
25140184184.0,
25163640575.0,
25139579921.0,
25154631563.0,
25142253327.0,
25140751825.0,
25140403916.0,
25139248129.0,
25139543299.0,
25139689787.0,
25142985767.0,
25144304159.0,
25145183087.0,
25142253327.0,
25158055720.0,
25156664084.0,
25139634854.0,
25145933838.0,
25139598232.0,
25141868796.0,
25164592747.0,
25140550404.0,
25146208503.0,
25141813863.0,
25141942040.0,
25165984383.0,
25139836275.0,
25166863311.0,
25141758930.0,
25151500382.0,
25139360189.0,
25139524988.0,
25147124053.0,
25139305256.0,
25141630753.0,
25139467861.0,
25161974274.0,
25139561610.0,
25139378500.0,
25142601236.0,
25139488366.0,
25142344882.0,
25170214224.0,
25141703997.0,
25139598232.0,
25141923729.0,
25140037696.0,
25162908135.0,
25153203305.0,
25152177889.0,
25140733514.0,
25139268634.0,
25169152186.0,
25139232012.0,
25139451744.0,
25139433433.0,
25139360189.0,
25139598232.0,
25162743336.0,
25150786253.0,
25139232012.0,
25141722308.0,
25141722308.0,
25139232012.0,
25153349793.0,
25149870703.0,
25139378500.0,
25139451744.0,
25141887107.0,
25142143461.0,
25139323567.0,
25167174598.0,
25150731320.0,
25139817964.0,
25139396811.0,
25141942040.0,
25143773140.0,
25139506677.0,
25165801273.0,
25139799653.0,
25139872897.0,
25156755639.0,
25139323567.0,
25141996973.0,
25169591650.0,
25139470055.0,
25139177079.0,
25142637858.0,
25139323567.0,
25141649064.0,
25142912523.0,
25142418126.0,
25167540818.0,
25150273545.0,
25139689787.0,
25142033595.0,
25139598232.0,
25139488366.0,
25141683492.0,
25139909519.0,
25139854586.0,
25151115851.0,
25142619547.0,
25143791451.0,
25142399815.0,
25143113944.0,
25141978662.0,
25142344882.0,
25141795552.0,
25150987674.0,
25151500382.0,
25139341878.0,
25139653165.0,
25140532093.0,
25139250323.0,
25151848291.0,
25150694698.0,
25162853202.0,
25142381504.0,
25141502576.0,
25141740619.0,
25139763031.0,
25141594131.0,
25140019385.0,
25141960351.0,
25140513782.0,
25166973177.0,
25139891208.0,
25138957347.0,
25164537814.0,
25139689787.0,
25139836275.0,
25139561610.0,
25143223810.0,
25141850485.0,
25150804564.0,
25140696892.0,
25143077322.0,
25139378500.0,
25139579921.0,
25164885723.0,
25139470055.0,
25141868796.0,
25167412641.0,
25145036599.0,
25139451744.0,
25151097540.0,
25139232012.0,
25139415122.0,
25142033595.0,
25152379310.0,
25141813863.0,
25139451744.0,
25142912523.0,
25166313981.0,
25141832174.0,
25150987674.0,
25140348983.0,
25171349506.0,
25167961971.0,
25141850485.0,
25142088528.0,
25143590030.0,
25163860307.0,
25168621167.0,
25139470055.0,
25147069120.0,
25140568715.0,
25154411831.0,
25139891208.0,
25146739522.0,
25145933838.0,
25139396811.0,
25139909519.0,
25141905418.0,
25162798269.0,
25142344882.0,
25139470055.0,
25139689787.0,
25139470055.0,
25143095633.0,
25139451744.0,
25139488366.0,
25141429332.0,
25165801273.0,
25139598232.0,
