
meas_delta_m21 <- 7.53E-5
meas_delta_m21_err <- 1.8E-6
meas_delta_m32 <- 2.44E-3
meas_delta_m32_err <- 6.0E-5

sin_sq_2meas_th12 <- 0.846
sin_sq_2meas_th12_err <- 0.021
sin_sq_2meas_th13 <- 0.093
sin_sq_2meas_th13_err <- 0.008

minKE <- 18574.00
maxKE <- 18575.05
Q <- 18574.95
signal_fraction <- 0.99

min_mass_fixed <- 0.005
MH <- 0
