minKE <- 18550.
maxKE <- 18580.

T_set <- 0.3
deltaT_calibration <- 0.0015
deltaT_fluctuation <- 0.0003
deltaT_rot <- 0.

num_J <- 10
lambda_set <- 0.75
delta_lambda <- 0.0225

num_iso <- 4
Q_values <- c(18574.95, 18574.96, 18574.95, 18566.66)

epsilon_set <- 0.95
kappa_set <- 0.1
eta_set <- 0.0

delta_epsilon <- 0.0285
delta_kappa <- 0.01
delta_eta <- 0.001
delta_theory <- 0.01
