minKE <- 18574.00
maxKE <- 18575.05
Q <- 18574.95
signal_fraction <- 0.99

min_mass_fixed <- 0.005
MH <- 0
