Q <- 18574.95
signal_fraction <- 0.99

background_rate_mean <- 1.0e-06
measuring_time <- 3.0e+07
activity <- 3.2091e-05