Q_mean <- 18574.95
Q_err <- 0.1

energy_resolution <- 0.040
background_rate_mean <- 1.0e-06
measuring_time <- 3.0e+07
activity <- 3.2091e-04