nSignals <- 3
nBackgrounds <-1
frequencyWidth <- 15000.
dfdtWidth <- 1.e7
minFreq <- 24.0e9
maxFreq <-26.0e9
FunctionAmplitude <- c(0.360, 0.392,0.581)
FunctionAmplitudeError <- c(0.01, 0.01, 0.01)
FunctionMean <- c(17830.,30424.,30477.2)
FunctionMeanError <- c(2.,2.,2.)
FunctionWidth <- c(2.83,1.84,1.4)
SignalLevel <-0.90
NoiseLevel <- 0.10
