nSignals <- 1

BField <- 0.9456
BFieldError <- 0.6e-04

BCoil <- -43.3e-07
BCoilError <- 1.275e-07

minFreq <- 24.500e9
maxFreq <-25.500e9

fclock <- 0.
LOFreq <- 0.
fclockError <- 10.0

frequencyWidth <- 15270.
