minFreq <- 24000000000.0
maxFreq <- 26000000000.0
nData <- 5
freq_data <- c(24779700000.0, 24780700000.0, 24782000000.0, 24783800000.0, 24785900000.0)
frequencyWidth <- c(15000.0, 15000.0, 15000.0, 15000.0, 15000.0)
dfdt_data <- c(447400000.0, 562500000.0, 515200000.0, 490100000.0, 491900000.0)
dfdtWidth <- c(1000000.0, 1000000.0, 1000000.0, 1000000.0, 1000000.0)
