nSignals <- 3
nBackgrounds <-0
frequencyWidth <- 15000.
dfdtWidth <- 1.e6
minFreq <- 24.200e9
maxFreq <-26.000e9
FunctionAmplitude <- c(0.360, 0.392,0.581)
FunctionAmplitudeError <- c(0.01, 0.01, 0.01)
FunctionMean <- c(17830.,30424.,30477.2)
FunctionMeanError <- c(2.,2.,2.)
FunctionWidth <- c(2.83,1.84,1.4)
SignalLevel <-0.9
NoiseLevel <- 0.1
