nSignals <- 1
nBackgrounds <- 0

BField <- 0.9467
BFieldError <- 0.0001
BFieldResolution <- 0.0005

BCoil <- -0.00475
BCoilCurrent <- 2.0
BCoilError <- 0.0001

fclock <- 24.200e9
fclockError <- 10.0

gCoupling <- 0.00
gCouplingWidth <- 0.10

frequencyWidth <- 15000.
dfdtWidth <- 1.e6
