nSignals <- 2
nBackgrounds <- 1

BField <- 0.9467
BFieldError <- 1.0e-04
BFieldResolution <- 0.1e-04

BCoil <- -47.5e-04
BCoilError <- 1.e-04

minFreq <- 24.200e9
maxFreq <-26.200e9

fclock <- 0.
fclockError <- 10.0

gCoupling <- 1.00
gCouplingWidth <- 0.10

frequencyWidth <- 15000.
dfdtWidth <- 1.e6
