minKE <- 18550.
maxKE <- 18580.

temp <- 30.
lambda <- 0.75
num_J <- 10
num_iso <- 4

composition <- c(0.9, 0.009090909, 0.09090909, 0.)
Q_values <- c(18574.95, 18574.96, 18574.95, 18566.66)

delta_temp <- 0.18
delta_lambda <- 0.0225
delta_epsilon <- 0.0285
delta_kappa <- 0.01
delta_eta <- 0.0
