
nFamily <- 1
U_PMNS <- c(1.0)
m_nu <- c(1.600)
neutrino_mass_limit <- 2.0

minKE <- 18550.0
maxKE <- 18575.0

QValue <- 18565.0
QValue_Error <- 2.0
sigmaQ <- 0.36

temperature <- 32.0
number_density <- 3.0e+18
effective_volume <- 1.0e+01
measuring_time <- 3.0e+07
background_rate <- 25.0e-06

xsec_avekin <- 2.568
xsec_bindkin <- 21.0
xsec_msq <- 1.598
xsec_Q <- 1.173


