temperature <- 32.0
number_density <- 3.0e+18
effective_volume <- 1.0e+01
measuring_time <- 3.0e+07
background_rate <- 25.0e-06

xsec_avekin <- 2.568
xsec_bindkin <- c(15.43 , 13.6057)
xsec_msq <- c(0.680 , 0.284)
xsec_Q <- c(0.585 , 0.4343)

T_set <- 30.
deltaT_calibration <- 0.15
deltaT_fluctuation <- 0.03
deltaT_rot <- 0.
