MassHierarchy <- 1

nFamily <- 3
neutrino_mass_limit <- 2.0
lightest_neutrino_mass <- 0.

meas_delta_m21 <- 7.54e-5
meas_delta_m21_err <- 2.4e-6
meas_delta_m32_NH <- 2.39e-3
meas_delta_m32_NH_err <- 6.0e-5
meas_delta_m32_IH <- -2.42e-3
meas_delta_m32_IH_err <- 6.0e-5

meas_sin2_th12 <- 0.308
meas_sin2_th12_err <- 0.017

meas_sin2_th13_NH <- 0.0234
meas_sin2_th13_NH_err <- 0.0020

meas_sin2_th13_IH <- 0.0240
meas_sin2_th13_IH_err <- 0.0020
