BField <- 1.0000
BFieldError <- 1.0e-06

fclock <- 0.
fFilterN <- 20
fclockError <- 10.0
fBandpass <- 8.0e+05
